ID;time;Dose;OBS;YTYPE;EVID;MDV;AMT
1;0;0;0;.;1;1;0
1;2;0;55.5576689356617;2;0;0;0
1;3;0;55.8396276944358;2;0;0;0
1;4;0;60.2676974636612;2;0;0;0
1;6;0;69.3892782923885;2;0;0;0
1;8;0;78.7151385843288;2;0;0;0
1;11;0;93.7500999097906;2;0;0;0
1;14;0;100.897942754223;2;0;0;0
1;17;0;124.610667559254;2;0;0;0
1;18;0;132.366694942712;2;0;0;0
1;19;0;154.77764283104;2;0;0;0
1;20;0;149.521913831861;2;0;0;0
1;21;0;142.76078463725;2;0;0;0
1;23;0;186.869959508458;2;0;0;0
1;25;0;174.718307428679;2;0;0;0
1;26;0;190.060097615687;2;0;0;0
1;29;0;217.314575436864;2;0;0;0
1;31;0;227.200626346491;2;0;0;0
1;33;0;247.748724873899;2;0;0;0
1;38;0;300.62257127618;2;0;0;0
1;40;0;329.053015321108;2;0;0;0
1;41;0;280.448492071642;2;0;0;0
1;43;0;331.732770328796;2;0;0;0
1;44;0;313.716802423582;2;0;0;0
1;46;0;314.432182973194;2;0;0;0
1;47;0;333.327714271124;2;0;0;0
2;0;0;0;.;1;1;0
2;0;0;49.3593328247923;2;0;0;0
2;2;0;53.5449338443715;2;0;0;0
2;4;0;75.0788998455718;2;0;0;0
2;8;0;98.5034401167538;2;0;0;0
2;10;0;93.9358774466659;2;0;0;0
2;11;0;105.736147477908;2;0;0;0
2;12;0;114.293954052694;2;0;0;0
2;13;0;113.096134378618;2;0;0;0
2;16;0;136.931991415119;2;0;0;0
2;18;0;138.181144316561;2;0;0;0
2;19;0;147.980992588796;2;0;0;0
2;21;0;153.547898211819;2;0;0;0
2;26;0;183.238576440222;2;0;0;0
2;28;0;182.72585159701;2;0;0;0
2;29;0;196.840009384893;2;0;0;0
2;31;0;208.373157441847;2;0;0;0
2;36;0;246.307794204424;2;0;0;0
2;37;0;230.249314056585;2;0;0;0
2;39;0;268.901274282714;2;0;0;0
2;40;0;246.600928990941;2;0;0;0
2;41;0;259.013767402195;2;0;0;0
2;42;0;255.86606745472;2;0;0;0
2;44;0;249.040802671285;2;0;0;0
2;48;0;293.352705869189;2;0;0;0
2;50;0;287.290973185897;2;0;0;0
3;0;0;0;.;1;1;0
3;0;0;44.4664216098631;2;0;0;0
3;1;0;55.8004785352498;2;0;0;0
3;5;0;62.4119891653668;2;0;0;0
3;9;0;72.2272107735545;2;0;0;0
3;11;0;77.7766663071983;2;0;0;0
3;13;0;81.0821825592687;2;0;0;0
3;14;0;101.043350572487;2;0;0;0
3;15;0;104.564974879703;2;0;0;0
3;16;0;104.12298172038;2;0;0;0
3;21;0;126.293262385204;2;0;0;0
3;22;0;124.476047277035;2;0;0;0
3;26;0;152.501719043379;2;0;0;0
3;28;0;162.299619872122;2;0;0;0
3;31;0;174.29495422153;2;0;0;0
3;33;0;182.798608011636;2;0;0;0
3;35;0;206.02426766499;2;0;0;0
3;38;0;207.337773456162;2;0;0;0
3;39;0;204.771343536224;2;0;0;0
3;40;0;219.113364743638;2;0;0;0
3;42;0;222.486694828671;2;0;0;0
3;43;0;224.921361537935;2;0;0;0
3;44;0;246.933208998487;2;0;0;0
3;45;0;227.846371679141;2;0;0;0
3;47;0;247.450206269584;2;0;0;0
3;48;0;272.943519842117;2;0;0;0
4;0;0;0;.;1;1;0
4;2;0;52.2548263666543;2;0;0;0
4;3;0;55.257483575948;2;0;0;0
4;7;0;72.8548193477297;2;0;0;0
4;8;0;74.041560814565;2;0;0;0
4;9;0;80.7088495636666;2;0;0;0
4;10;0;69.1783825490217;2;0;0;0
4;11;0;77.4532675233643;2;0;0;0
4;13;0;90.0048952941335;2;0;0;0
4;18;0;121.999101179492;2;0;0;0
4;21;0;119.153200056226;2;0;0;0
4;24;0;136.270828094659;2;0;0;0
4;29;0;156.13960510549;2;0;0;0
4;31;0;158.117365675671;2;0;0;0
4;32;0;184.176436722122;2;0;0;0
4;33;0;174.697435051828;2;0;0;0
4;34;0;179.074479490914;2;0;0;0
4;35;0;214.457007616232;2;0;0;0
4;37;0;210.559679522264;2;0;0;0
4;42;0;225.346108258191;2;0;0;0
4;43;0;227.466529576401;2;0;0;0
4;45;0;259.733281933468;2;0;0;0
4;46;0;251.263393890983;2;0;0;0
4;48;0;255.607422940012;2;0;0;0
4;49;0;283.481204680063;2;0;0;0
4;50;0;280.791140566954;2;0;0;0
5;0;0;0;.;1;1;0
5;2;0;54.1938410148413;2;0;0;0
5;3;0;60.0561735563317;2;0;0;0
5;4;0;59.312713298633;2;0;0;0
5;6;0;67.2202799219259;2;0;0;0
5;7;0;72.9642864406832;2;0;0;0
5;9;0;73.4197938061799;2;0;0;0
5;13;0;92.5851954630373;2;0;0;0
5;15;0;101.253484589622;2;0;0;0
5;16;0;112.529736740956;2;0;0;0
5;18;0;123.029544927487;2;0;0;0
5;19;0;124.75058607626;2;0;0;0
5;22;0;130.758054010605;2;0;0;0
5;28;0;183.573853298169;2;0;0;0
5;31;0;179.937493354709;2;0;0;0
5;33;0;186.38537616902;2;0;0;0
5;34;0;209.136684160155;2;0;0;0
5;35;0;187.342408826448;2;0;0;0
5;36;0;214.862189228284;2;0;0;0
5;37;0;203.704006179714;2;0;0;0
5;39;0;212.344753160442;2;0;0;0
5;42;0;221.112865830384;2;0;0;0
5;43;0;247.973803307722;2;0;0;0
5;45;0;260.537416047997;2;0;0;0
5;47;0;295.144912866756;2;0;0;0
5;48;0;265.299424085569;2;0;0;0
6;0;0;0;.;1;1;0
6;0;0;52.8712152844277;2;0;0;0
6;2;0;52.0869285378279;2;0;0;0
6;7;0;69.556942050339;2;0;0;0
6;8;0;71.8812897574708;2;0;0;0
6;12;0;80.1367904590712;2;0;0;0
6;15;0;94.1630851377175;2;0;0;0
6;19;0;112.025535650244;2;0;0;0
6;20;0;114.399481840873;2;0;0;0
6;22;0;113.541827799694;2;0;0;0
6;24;0;144.802700956691;2;0;0;0
6;25;0;142.400288991456;2;0;0;0
6;27;0;153.230762109287;2;0;0;0
6;29;0;173.719361649704;2;0;0;0
6;31;0;177.072750586829;2;0;0;0
6;33;0;198.988167913628;2;0;0;0
6;35;0;215.662904404544;2;0;0;0
6;36;0;205.732489307331;2;0;0;0
6;38;0;229.005930624537;2;0;0;0
6;39;0;211.443245680262;2;0;0;0
6;40;0;220.069525434074;2;0;0;0
6;41;0;251.371107419331;2;0;0;0
6;45;0;242.333856972798;2;0;0;0
6;46;0;274.975572228113;2;0;0;0
6;47;0;256.469683001413;2;0;0;0
6;48;0;312.629025117383;2;0;0;0
7;0;0;0;.;1;1;0
7;1;0;55.8387056138752;2;0;0;0
7;3;0;57.5789421041049;2;0;0;0
7;5;0;70.5018914216743;2;0;0;0
7;7;0;78.9371014808338;2;0;0;0
7;8;0;85.0088090841834;2;0;0;0
7;9;0;89.8468532450416;2;0;0;0
7;11;0;102.046537841852;2;0;0;0
7;13;0;99.4465934581613;2;0;0;0
7;15;0;110.798155415597;2;0;0;0
7;16;0;119.185622744285;2;0;0;0
7;17;0;142.213537290585;2;0;0;0
7;18;0;139.534312119425;2;0;0;0
7;19;0;137.109594761905;2;0;0;0
7;22;0;153.473002234914;2;0;0;0
7;23;0;166.852871244665;2;0;0;0
7;28;0;183.714834765541;2;0;0;0
7;29;0;188.684228419775;2;0;0;0
7;34;0;235.48273015402;2;0;0;0
7;38;0;247.291040587575;2;0;0;0
7;41;0;245.026593542534;2;0;0;0
7;43;0;250.15088485312;2;0;0;0
7;44;0;292.017524608778;2;0;0;0
7;48;0;305.354594945559;2;0;0;0
7;49;0;324.554398226162;2;0;0;0
7;50;0;300.91597566837;2;0;0;0
8;0;0;0;.;1;1;0
8;2;0;61.6758262983342;2;0;0;0
8;3;0;61.4812657756107;2;0;0;0
8;4;0;72.0545666200376;2;0;0;0
8;5;0;64.2773599477879;2;0;0;0
8;6;0;70.5536622883363;2;0;0;0
8;8;0;81.5416647946557;2;0;0;0
8;10;0;91.2290075896926;2;0;0;0
8;11;0;93.7721728363801;2;0;0;0
8;13;0;113.389385963881;2;0;0;0
8;18;0;143.709779043869;2;0;0;0
8;20;0;159.117582366763;2;0;0;0
8;21;0;167.733814836733;2;0;0;0
8;22;0;175.850496876202;2;0;0;0
8;27;0;187.589341686545;2;0;0;0
8;30;0;237.52398236238;2;0;0;0
8;34;0;238.423205487981;2;0;0;0
8;35;0;256.927982385304;2;0;0;0
8;37;0;271.336136088229;2;0;0;0
8;38;0;266.876510303366;2;0;0;0
8;39;0;281.037206391639;2;0;0;0
8;42;0;281.763394493112;2;0;0;0
8;43;0;297.087015981221;2;0;0;0
8;46;0;321.882045138549;2;0;0;0
8;47;0;337.935489139296;2;0;0;0
8;48;0;342.737588377103;2;0;0;0
9;0;0;0;.;1;1;0
9;0;0;47.0162933936087;2;0;0;0
9;1;0;51.8580672059967;2;0;0;0
9;2;0;55.1697834367885;2;0;0;0
9;3;0;59.6553452510896;2;0;0;0
9;8;0;78.5531874665514;2;0;0;0
9;9;0;80.2275025141557;2;0;0;0
9;10;0;90.5774802656123;2;0;0;0
9;11;0;98.4451243467344;2;0;0;0
9;12;0;101.209328123891;2;0;0;0
9;14;0;111.585643441931;2;0;0;0
9;17;0;115.317471751929;2;0;0;0
9;20;0;137.370663299597;2;0;0;0
9;21;0;131.425919379103;2;0;0;0
9;23;0;147.109798959514;2;0;0;0
9;24;0;146.087629462589;2;0;0;0
9;26;0;165.928594218644;2;0;0;0
9;29;0;160.952606765756;2;0;0;0
9;30;0;167.968896859506;2;0;0;0
9;31;0;176.464890641863;2;0;0;0
9;34;0;199.542822636458;2;0;0;0
9;35;0;182.380558023536;2;0;0;0
9;36;0;194.923763539861;2;0;0;0
9;42;0;246.61011332598;2;0;0;0
9;48;0;246.310263682661;2;0;0;0
9;49;0;281.703167655029;2;0;0;0
10;0;0;0;.;1;1;0
10;5;0;71.5607094478985;2;0;0;0
10;6;0;79.359102533124;2;0;0;0
10;7;0;85.7686559892006;2;0;0;0
10;10;0;97.5429155858583;2;0;0;0
10;12;0;105.566198425518;2;0;0;0
10;13;0;111.327373652095;2;0;0;0
10;16;0;131.756077915127;2;0;0;0
10;18;0;141.477969464563;2;0;0;0
10;21;0;173.639086094036;2;0;0;0
10;22;0;173.738756158098;2;0;0;0
10;26;0;186.088717878866;2;0;0;0
10;27;0;189.780056745876;2;0;0;0
10;30;0;214.424891172946;2;0;0;0
10;31;0;202.108568266693;2;0;0;0
10;33;0;221.453727668808;2;0;0;0
10;35;0;227.792133611017;2;0;0;0
10;38;0;246.148044700598;2;0;0;0
10;39;0;240.292884118832;2;0;0;0
10;42;0;269.330260005837;2;0;0;0
10;43;0;282.523013620375;2;0;0;0
10;44;0;272.948184697295;2;0;0;0
10;46;0;277.880335980301;2;0;0;0
10;47;0;282.415407745877;2;0;0;0
10;49;0;294.595174734214;2;0;0;0
10;50;0;339.188794154309;2;0;0;0
11;0;0;0;.;1;1;0
11;1;0;49.6443218092719;2;0;0;0
11;2;0;49.5449612815793;2;0;0;0
11;5;0;64.8898880170326;2;0;0;0
11;6;0;66.4994404325128;2;0;0;0
11;7;0;73.7548372157573;2;0;0;0
11;8;0;79.4678630110342;2;0;0;0
11;9;0;86.6226008343514;2;0;0;0
11;12;0;94.3487231864547;2;0;0;0
11;13;0;102.025075538132;2;0;0;0
11;17;0;127.783749017015;2;0;0;0
11;18;0;123.6937448966;2;0;0;0
11;23;0;164.574237554563;2;0;0;0
11;24;0;188.812251863511;2;0;0;0
11;25;0;185.883780703193;2;0;0;0
11;28;0;223.839389872587;2;0;0;0
11;30;0;229.695815406642;2;0;0;0
11;35;0;274.000419182365;2;0;0;0
11;36;0;281.307680686783;2;0;0;0
11;39;0;341.73421355604;2;0;0;0
11;40;0;319.421327920247;2;0;0;0
11;43;0;337.817109080049;2;0;0;0
11;44;0;380.632976424399;2;0;0;0
11;45;0;396.014110566962;2;0;0;0
11;46;0;374.922367563559;2;0;0;0
11;47;0;401.238913244164;2;0;0;0
12;0;0;0;.;1;1;0
12;0;0;48.7306685408321;2;0;0;0
12;1;0;48.7906905075952;2;0;0;0
12;2;0;57.5408700229148;2;0;0;0
12;5;0;70.0202413281521;2;0;0;0
12;6;0;78.1804608042807;2;0;0;0
12;8;0;77.1247373118041;2;0;0;0
12;10;0;85.2793128355797;2;0;0;0
12;17;0;124.557300965502;2;0;0;0
12;19;0;127.62970481695;2;0;0;0
12;22;0;141.416460218906;2;0;0;0
12;25;0;149.280781907913;2;0;0;0
12;26;0;164.518833585196;2;0;0;0
12;28;0;172.989637335492;2;0;0;0
12;30;0;164.546246834005;2;0;0;0
12;31;0;180.364915392874;2;0;0;0
12;36;0;194.052308553719;2;0;0;0
12;37;0;212.123712193733;2;0;0;0
12;38;0;221.733357037747;2;0;0;0
12;41;0;217.739124932608;2;0;0;0
12;42;0;207.754052402442;2;0;0;0
12;44;0;254.181749874215;2;0;0;0
12;46;0;247.577901669412;2;0;0;0
12;47;0;268.55365122894;2;0;0;0
12;48;0;250.282497517752;2;0;0;0
12;50;0;251.035500352154;2;0;0;0
13;0;0;0;.;1;1;0
13;2;0;56.8155225823393;2;0;0;0
13;3;0;64.9995880606367;2;0;0;0
13;4;0;74.3849242531707;2;0;0;0
13;5;0;77.3263986595044;2;0;0;0
13;6;0;84.4092249393169;2;0;0;0
13;8;0;93.8964659991572;2;0;0;0
13;9;0;99.3281632863703;2;0;0;0
13;11;0;107.533435465503;2;0;0;0
13;12;0;120.791562583294;2;0;0;0
13;13;0;118.627261442651;2;0;0;0
13;14;0;118.630668693425;2;0;0;0
13;15;0;135.568718670927;2;0;0;0
13;16;0;146.262069574859;2;0;0;0
13;24;0;195.732174044163;2;0;0;0
13;25;0;190.516943060862;2;0;0;0
13;26;0;202.38602355451;2;0;0;0
13;31;0;210.692138693932;2;0;0;0
13;32;0;223.914600447146;2;0;0;0
13;34;0;261.160677754488;2;0;0;0
13;39;0;257.881012056337;2;0;0;0
13;41;0;284.154255565373;2;0;0;0
13;42;0;312.819305474472;2;0;0;0
13;43;0;306.96999033133;2;0;0;0
13;47;0;320.152432283127;2;0;0;0
13;48;0;353.280455742495;2;0;0;0
14;0;0;0;.;1;1;0
14;6;0;70.2153612216481;2;0;0;0
14;7;0;69.4153172345228;2;0;0;0
14;8;0;74.2179603681021;2;0;0;0
14;12;0;100.617214507873;2;0;0;0
14;17;0;139.8090365902;2;0;0;0
14;18;0;145.018003116686;2;0;0;0
14;20;0;164.337169935121;2;0;0;0
14;22;0;174.338464314111;2;0;0;0
14;23;0;181.175525837236;2;0;0;0
14;24;0;193.149397659648;2;0;0;0
14;25;0;208.130356176272;2;0;0;0
14;26;0;226.809415397306;2;0;0;0
14;27;0;227.394829884992;2;0;0;0
14;29;0;233.385772826503;2;0;0;0
14;30;0;244.715421639292;2;0;0;0
14;35;0;275.203072443437;2;0;0;0
14;39;0;314.48341755501;2;0;0;0
14;40;0;351.89916600874;2;0;0;0
14;41;0;308.704247645635;2;0;0;0
14;42;0;331.244530962733;2;0;0;0
14;44;0;356.412154455728;2;0;0;0
14;45;0;325.76525141847;2;0;0;0
14;46;0;360.481082727772;2;0;0;0
14;48;0;357.902069055225;2;0;0;0
14;50;0;398.073576631254;2;0;0;0
15;0;0;0;.;1;1;0
15;0;0;52.5076880877112;2;0;0;0
15;2;0;59.9000632526492;2;0;0;0
15;4;0;64.2248034538157;2;0;0;0
15;5;0;69.2838116956258;2;0;0;0
15;8;0;91.0794878244514;2;0;0;0
15;12;0;101.998518215173;2;0;0;0
15;13;0;109.107112679629;2;0;0;0
15;16;0;138.070856552968;2;0;0;0
15;19;0;155.819718532611;2;0;0;0
15;20;0;160.851664246446;2;0;0;0
15;22;0;177.11873583341;2;0;0;0
15;23;0;161.957610466838;2;0;0;0
15;28;0;205.49863094099;2;0;0;0
15;29;0;222.893356803146;2;0;0;0
15;31;0;206.313955847007;2;0;0;0
15;32;0;217.719282165099;2;0;0;0
15;35;0;235.853277048103;2;0;0;0
15;36;0;274.826025606198;2;0;0;0
15;37;0;250.717461182779;2;0;0;0
15;38;0;294.663673337672;2;0;0;0
15;43;0;268.959227842632;2;0;0;0
15;44;0;293.142086570923;2;0;0;0
15;46;0;332.793251694491;2;0;0;0
15;48;0;310.870501868978;2;0;0;0
15;49;0;332.396976360395;2;0;0;0
16;0;0;0;.;1;1;0
16;0;0;53.1467068105998;2;0;0;0
16;1;0;51.4726173140041;2;0;0;0
16;2;0;58.4745946213816;2;0;0;0
16;4;0;69.9926805167903;2;0;0;0
16;7;0;86.1856986232048;2;0;0;0
16;8;0;93.0673913626894;2;0;0;0
16;9;0;105.80849243086;2;0;0;0
16;14;0;161.395882760253;2;0;0;0
16;16;0;177.926029954267;2;0;0;0
16;17;0;168.911328765944;2;0;0;0
16;20;0;203.01528967575;2;0;0;0
16;22;0;238.757484270524;2;0;0;0
16;27;0;290.32783730516;2;0;0;0
16;29;0;288.081650468585;2;0;0;0
16;30;0;303.184771980474;2;0;0;0
16;31;0;322.029903619771;2;0;0;0
16;35;0;367.302578717271;2;0;0;0
16;37;0;400.596642688523;2;0;0;0
16;39;0;372.289427270003;2;0;0;0
16;40;0;374.635743932465;2;0;0;0
16;41;0;404.71505669675;2;0;0;0
16;42;0;405.940519280679;2;0;0;0
16;43;0;455.46831932221;2;0;0;0
16;45;0;428.674553254733;2;0;0;0
16;49;0;515.891144594631;2;0;0;0
17;0;0;0;.;1;1;0
17;4;0;69.7414915837811;2;0;0;0
17;5;0;89.6838050647093;2;0;0;0
17;6;0;97.9724831384055;2;0;0;0
17;7;0;100.462651918247;2;0;0;0
17;9;0;126.862312774724;2;0;0;0
17;10;0;134.033950331945;2;0;0;0
17;13;0;156.672091186699;2;0;0;0
17;15;0;188.874577370169;2;0;0;0
17;16;0;181.589392846469;2;0;0;0
17;17;0;205.631222292309;2;0;0;0
17;19;0;229.077321661884;2;0;0;0
17;20;0;220.069671911871;2;0;0;0
17;21;0;234.119510624094;2;0;0;0
17;23;0;278.527261089116;2;0;0;0
17;24;0;274.510213352542;2;0;0;0
17;27;0;323.922462714341;2;0;0;0
17;28;0;296.408732351058;2;0;0;0
17;29;0;298.971684771828;2;0;0;0
17;33;0;374.82774355138;2;0;0;0
17;38;0;443.055545826644;2;0;0;0
17;41;0;440.830408502814;2;0;0;0
17;43;0;453.095078768608;2;0;0;0
17;48;0;496.56327708244;2;0;0;0
17;49;0;520.375749402626;2;0;0;0
17;50;0;537.631651530907;2;0;0;0
18;0;0;0;.;1;1;0
18;0;0;47.6229345831134;2;0;0;0
18;1;0;48.2815446242203;2;0;0;0
18;2;0;54.9346648542356;2;0;0;0
18;3;0;54.3781301959335;2;0;0;0
18;8;0;73.1060388107621;2;0;0;0
18;11;0;92.541149115361;2;0;0;0
18;13;0;99.3400922107248;2;0;0;0
18;17;0;108.566976587351;2;0;0;0
18;20;0;129.941649861639;2;0;0;0
18;21;0;123.213240515111;2;0;0;0
18;22;0;133.064797646932;2;0;0;0
18;23;0;137.08660375887;2;0;0;0
18;24;0;157.780581885667;2;0;0;0
18;25;0;149.863598661194;2;0;0;0
18;26;0;154.400320561873;2;0;0;0
18;29;0;161.5521039636;2;0;0;0
18;30;0;167.814288061908;2;0;0;0
18;31;0;188.899150234164;2;0;0;0
18;32;0;184.677766572917;2;0;0;0
18;33;0;188.522700349476;2;0;0;0
18;36;0;190.249381645509;2;0;0;0
18;38;0;193.547312919087;2;0;0;0
18;39;0;214.500004090043;2;0;0;0
18;45;0;254.861433996918;2;0;0;0
18;49;0;266.439116408716;2;0;0;0
19;0;0;0;.;1;1;0
19;0;0;49.8716031602199;2;0;0;0
19;1;0;52.3672906710283;2;0;0;0
19;2;0;58.4436003469933;2;0;0;0
19;7;0;80.0875431082616;2;0;0;0
19;9;0;95.9388342657156;2;0;0;0
19;10;0;102.442998928323;2;0;0;0
19;15;0;123.976575199104;2;0;0;0
19;18;0;149.36675499161;2;0;0;0
19;19;0;151.235633293993;2;0;0;0
19;20;0;157.015384231546;2;0;0;0
19;21;0;153.881751086296;2;0;0;0
19;24;0;180.429741730977;2;0;0;0
19;25;0;184.792762143256;2;0;0;0
19;27;0;196.196662791086;2;0;0;0
19;29;0;203.830051532177;2;0;0;0
19;30;0;197.576810473637;2;0;0;0
19;31;0;207.484613131656;2;0;0;0
19;35;0;225.18735983124;2;0;0;0
19;37;0;238.180156028127;2;0;0;0
19;41;0;293.237118987551;2;0;0;0
19;42;0;261.309292851483;2;0;0;0
19;46;0;284.446152757302;2;0;0;0
19;47;0;273.841265068724;2;0;0;0
19;49;0;297.368490960257;2;0;0;0
19;50;0;299.96173283419;2;0;0;0
20;0;0;0;.;1;1;0
20;1;0;57.2533657007225;2;0;0;0
20;5;0;65.8919807081026;2;0;0;0
20;8;0;79.1813118624622;2;0;0;0
20;13;0;108.355543235077;2;0;0;0
20;14;0;107.901145175564;2;0;0;0
20;15;0;114.43362855119;2;0;0;0
20;19;0;151.752605447522;2;0;0;0
20;20;0;154.728947540538;2;0;0;0
20;22;0;176.141307638668;2;0;0;0
20;24;0;184.402687737822;2;0;0;0
20;25;0;164.747586837074;2;0;0;0
20;27;0;205.072724367977;2;0;0;0
20;28;0;212.880765501843;2;0;0;0
20;29;0;215.422264757842;2;0;0;0
20;32;0;241.663651356018;2;0;0;0
20;33;0;221.637214120966;2;0;0;0
20;36;0;270.671244131357;2;0;0;0
20;37;0;270.278091325022;2;0;0;0
20;38;0;298.219583867678;2;0;0;0
20;41;0;303.757109299678;2;0;0;0
20;42;0;307.363378212728;2;0;0;0
20;44;0;330.904209114446;2;0;0;0
20;46;0;359.552094823815;2;0;0;0
20;48;0;354.938789066495;2;0;0;0
20;49;0;360.057176576505;2;0;0;0
101;0;50;0;.;1;1;50
101;2;50;52.5880992446433;2;0;0;0
101;3;50;0.0675338780906711;1;0;0;0
101;3;50;51.855766078225;2;0;0;0
101;5;50;54.7173308372367;2;0;0;0
101;6;50;47.5545328210259;2;0;0;0
101;7;50;0.00366854009652793;1;0;0;0
101;7;50;51.440690274332;2;0;0;0
101;13;50;3.70451672086552e-05;1;0;0;0
101;15;50;53.334384198178;2;0;0;0
101;16;50;52.0233990939002;2;0;0;0
101;17;50;57.5135601821452;2;0;0;0
101;21;50;63.9287919146364;2;0;0;0
101;24;50;73.6243284469923;2;0;0;0
101;25;50;85.5292914794227;2;0;0;0
101;26;50;84.9247110105151;2;0;0;0
101;27;50;98.6482647374777;2;0;0;0
101;28;50;97.4696839386961;2;0;0;0
101;29;50;106.257578225514;2;0;0;0
101;30;50;114.63835488405;2;0;0;0
101;33;50;136.339845349396;2;0;0;0
101;35;50;141.948288440292;2;0;0;0
101;36;50;153.084522209823;2;0;0;0
101;39;50;168.096570222136;2;0;0;0
101;42;50;194.929409903234;2;0;0;0
101;43;50;208.341232030279;2;0;0;0
101;46;50;219.556704310482;2;0;0;0
101;47;50;235.769040331602;2;0;0;0
101;50;50;261.352126579899;2;0;0;0
102;0;50;0;.;1;1;50
102;0;50;45.8170899077144;2;0;0;0
102;1;50;48.072731998686;2;0;0;0
102;3;50;59.5327134747986;2;0;0;0
102;4;50;54.0194964247882;2;0;0;0
102;6;50;0.00389242082470416;1;0;0;0
102;7;50;52.4222201844159;2;0;0;0
102;8;50;56.6770072703822;2;0;0;0
102;10;50;0.000101024705564791;1;0;0;0
102;11;50;57.7406090955862;2;0;0;0
102;14;50;0;1;0;0;0
102;16;50;74.4898475519769;2;0;0;0
102;18;50;79.1962855413592;2;0;0;0
102;20;50;90.019061908822;2;0;0;0
102;21;50;94.0441720132571;2;0;0;0
102;23;50;113.226495931939;2;0;0;0
102;28;50;135.632343072518;2;0;0;0
102;35;50;155.114764848667;2;0;0;0
102;36;50;182.313893731246;2;0;0;0
102;38;50;177.286766561069;2;0;0;0
102;39;50;198.243000331131;2;0;0;0
102;40;50;199.090699829836;2;0;0;0
102;41;50;208.941477448482;2;0;0;0
102;42;50;212.034007602363;2;0;0;0
102;43;50;196.354090820915;2;0;0;0
102;44;50;213.53394986625;2;0;0;0
102;45;50;232.931757136059;2;0;0;0
102;49;50;236.919710570442;2;0;0;0
102;50;50;241.674959488976;2;0;0;0
103;0;50;0;.;1;1;50
103;1;50;46.4041364082682;2;0;0;0
103;2;50;0.265098450704353;1;0;0;0
103;5;50;41.9947917087857;2;0;0;0
103;7;50;32.7800134010311;2;0;0;0
103;9;50;27.539370971076;2;0;0;0
103;10;50;26.8716822705987;2;0;0;0
103;13;50;0.00016823083340992;1;0;0;0
103;13;50;27.2209218605755;2;0;0;0
103;14;50;8.26553243165736e-05;1;0;0;0
103;16;50;23.2560620704702;2;0;0;0
103;17;50;26.0007121391118;2;0;0;0
103;18;50;26.3051615851071;2;0;0;0
103;20;50;28.4887002359914;2;0;0;0
103;22;50;34.3763894685496;2;0;0;0
103;23;50;31.5688176496779;2;0;0;0
103;26;50;36.1555862652616;2;0;0;0
103;27;50;45.6103680841385;2;0;0;0
103;33;50;55.0767827474237;2;0;0;0
103;34;50;48.6235252093087;2;0;0;0
103;37;50;55.3370931733977;2;0;0;0
103;38;50;60.1124146639544;2;0;0;0
103;39;50;67.4735773798762;2;0;0;0
103;44;50;85.9131484633547;2;0;0;0
103;45;50;94.3417912032657;2;0;0;0
103;46;50;88.8524195378408;2;0;0;0
103;47;50;98.3758244716476;2;0;0;0
103;48;50;96.6395832868631;2;0;0;0
103;49;50;100.466241906571;2;0;0;0
104;0;50;0;.;1;1;50
104;0;50;49.5324751813826;2;0;0;0
104;1;50;0.357250594621969;1;0;0;0
104;5;50;32.7563264550311;2;0;0;0
104;6;50;30.0373166497491;2;0;0;0
104;7;50;0.00074178222782137;1;0;0;0
104;8;50;25.7496967593079;2;0;0;0
104;9;50;27.8370855107743;2;0;0;0
104;10;50;4.08007186863132e-05;1;0;0;0
104;10;50;29.5670848004107;2;0;0;0
104;12;50;32.4804234222724;2;0;0;0
104;13;50;30.892818051933;2;0;0;0
104;19;50;43.1468013728021;2;0;0;0
104;20;50;43.8910272450285;2;0;0;0
104;23;50;50.3938282175474;2;0;0;0
104;24;50;51.1705577287594;2;0;0;0
104;26;50;52.1248715103195;2;0;0;0
104;27;50;61.5987604233123;2;0;0;0
104;28;50;65.7261741439756;2;0;0;0
104;29;50;60.7061779158027;2;0;0;0
104;31;50;71.8770837604224;2;0;0;0
104;34;50;82.5888743843639;2;0;0;0
104;35;50;81.3154609677614;2;0;0;0
104;37;50;93.2249429619783;2;0;0;0
104;38;50;94.8592857172706;2;0;0;0
104;41;50;103.01265172683;2;0;0;0
104;46;50;139.664940014437;2;0;0;0
104;48;50;148.069173314095;2;0;0;0
104;50;50;156.88394177778;2;0;0;0
105;0;50;0;.;1;1;50
105;0;50;46.9725781102539;2;0;0;0
105;1;50;53.6274181624324;2;0;0;0
105;3;50;0.0713486167117956;1;0;0;0
105;5;50;45.931778393895;2;0;0;0
105;6;50;0.00707635728939358;1;0;0;0
105;7;50;41.7613313438118;2;0;0;0
105;8;50;41.7187892887942;2;0;0;0
105;9;50;0.000716018450769035;1;0;0;0
105;9;50;39.3752924296238;2;0;0;0
105;10;50;36.5884350501195;2;0;0;0
105;11;50;41.8067423019332;2;0;0;0
105;13;50;38.7895459784547;2;0;0;0
105;17;50;39.4120259134445;2;0;0;0
105;18;50;45.0195472270216;2;0;0;0
105;19;50;46.1704853552177;2;0;0;0
105;20;50;50.8372775621205;2;0;0;0
105;21;50;48.2416717721172;2;0;0;0
105;27;50;64.8385611337251;2;0;0;0
105;28;50;73.5873431579674;2;0;0;0
105;31;50;83.0649108973024;2;0;0;0
105;33;50;94.2527140024;2;0;0;0
105;35;50;100.236238637511;2;0;0;0
105;39;50;115.147798731562;2;0;0;0
105;43;50;135.182613481356;2;0;0;0
105;44;50;151.992771330795;2;0;0;0
105;47;50;159.246228919389;2;0;0;0
105;48;50;174.255682885159;2;0;0;0
105;49;50;157.294173181874;2;0;0;0
106;0;50;0;.;1;1;50
106;0;50;47.5902516631984;2;0;0;0
106;3;50;49.5674907556078;2;0;0;0
106;5;50;0.0229363498703455;1;0;0;0
106;6;50;0.0118021884996076;1;0;0;0
106;6;50;36.8577170417431;2;0;0;0
106;7;50;0.00638952808011446;1;0;0;0
106;8;50;34.4015563263566;2;0;0;0
106;16;50;34.3037649379921;2;0;0;0
106;17;50;37.1732542278669;2;0;0;0
106;18;50;33.1835958767295;2;0;0;0
106;19;50;41.4861837549091;2;0;0;0
106;21;50;42.224405389903;2;0;0;0
106;22;50;39.0988930753848;2;0;0;0
106;24;50;47.9670731086496;2;0;0;0
106;26;50;50.6437170390666;2;0;0;0
106;27;50;52.8226783760724;2;0;0;0
106;28;50;56.3884096094976;2;0;0;0
106;31;50;63.5852901078631;2;0;0;0
106;33;50;63.7065374434247;2;0;0;0
106;34;50;70.184125119346;2;0;0;0
106;35;50;81.6419002616201;2;0;0;0
106;41;50;88.9759535545489;2;0;0;0
106;42;50;94.3854297625573;2;0;0;0
106;44;50;120.218707933226;2;0;0;0
106;46;50;113.554152800382;2;0;0;0
106;48;50;128.449716221089;2;0;0;0
106;49;50;137.033274372027;2;0;0;0
106;50;50;144.631662785249;2;0;0;0
107;0;50;0;.;1;1;50
107;1;50;48.6230103018657;2;0;0;0
107;2;50;46.3101238665743;2;0;0;0
107;3;50;0.0484408925921959;1;0;0;0
107;4;50;0.0163152988084677;1;0;0;0
107;4;50;42.9775960638528;2;0;0;0
107;5;50;38.4535767743359;2;0;0;0
107;7;50;32.8229182216407;2;0;0;0
107;9;50;32.6900836107855;2;0;0;0
107;10;50;2.74780635422818e-05;1;0;0;0
107;11;50;32.2025683931927;2;0;0;0
107;12;50;32.6167032352785;2;0;0;0
107;13;50;34.8701725409109;2;0;0;0
107;16;50;37.0732052141715;2;0;0;0
107;17;50;38.2525564577541;2;0;0;0
107;21;50;55.8554495378815;2;0;0;0
107;23;50;60.4847361797534;2;0;0;0
107;24;50;58.4979269204998;2;0;0;0
107;26;50;68.0673214100433;2;0;0;0
107;28;50;83.8556751151939;2;0;0;0
107;29;50;84.5315014590608;2;0;0;0
107;31;50;94.6172726015453;2;0;0;0
107;33;50;102.729102851774;2;0;0;0
107;37;50;134.581029076003;2;0;0;0
107;38;50;128.886750231196;2;0;0;0
107;44;50;169.986613237465;2;0;0;0
107;48;50;185.900827439921;2;0;0;0
107;49;50;212.928374217006;2;0;0;0
107;50;50;214.84005857893;2;0;0;0
108;0;50;0;.;1;1;50
108;0;50;51.1524424160224;2;0;0;0
108;1;50;51.9783583126677;2;0;0;0
108;2;50;0.20698022996351;1;0;0;0
108;2;50;55.8732247086276;2;0;0;0
108;4;50;53.6197190706447;2;0;0;0
108;7;50;39.5298069619729;2;0;0;0
108;8;50;0.0042516056732246;1;0;0;0
108;11;50;0.000600591211313033;1;0;0;0
108;12;50;40.7582236269197;2;0;0;0
108;14;50;44.2035512495363;2;0;0;0
108;19;50;64.8585047042808;2;0;0;0
108;21;50;68.5667688615672;2;0;0;0
108;22;50;68.0340099407983;2;0;0;0
108;24;50;85.8628528357663;2;0;0;0
108;27;50;91.7726537406966;2;0;0;0
108;28;50;112.733288163278;2;0;0;0
108;30;50;122.806476871499;2;0;0;0
108;31;50;128.436874892864;2;0;0;0
108;33;50;148.983284301458;2;0;0;0
108;34;50;158.881932052996;2;0;0;0
108;35;50;148.148056538811;2;0;0;0
108;36;50;163.064179856307;2;0;0;0
108;38;50;165.407980326057;2;0;0;0
108;39;50;186.552056402945;2;0;0;0
108;40;50;183.351952497237;2;0;0;0
108;44;50;208.567947630441;2;0;0;0
108;45;50;217.796668640027;2;0;0;0
108;47;50;227.982647358931;2;0;0;0
109;0;50;0;.;1;1;50
109;2;50;43.2209188952613;2;0;0;0
109;4;50;34.5763306333049;2;0;0;0
109;5;50;0.000221099269303037;1;0;0;0
109;9;50;39.108519298547;2;0;0;0
109;11;50;43.8252946028602;2;0;0;0
109;12;50;44.9223442277379;2;0;0;0
109;13;50;0;1;0;0;0
109;13;50;51.5124707673139;2;0;0;0
109;14;50;0;1;0;0;0
109;17;50;67.6038258030589;2;0;0;0
109;18;50;73.1595840765656;2;0;0;0
109;19;50;76.8361068856305;2;0;0;0
109;22;50;88.9103961471481;2;0;0;0
109;24;50;102.094553735679;2;0;0;0
109;25;50;99.5680758268229;2;0;0;0
109;27;50;114.687486936929;2;0;0;0
109;29;50;125.348644142487;2;0;0;0
109;31;50;128.248662630566;2;0;0;0
109;33;50;133.025181459212;2;0;0;0
109;35;50;149.701510027039;2;0;0;0
109;36;50;146.61124731469;2;0;0;0
109;37;50;157.458804104804;2;0;0;0
109;39;50;162.473685246463;2;0;0;0
109;40;50;164.284070418448;2;0;0;0
109;41;50;164.236680401365;2;0;0;0
109;48;50;196.436981940529;2;0;0;0
109;49;50;180.991630909182;2;0;0;0
109;50;50;204.756752780941;2;0;0;0
110;0;50;0;.;1;1;50
110;1;50;0.200099729891399;1;0;0;0
110;1;50;57.6804380202609;2;0;0;0
110;2;50;0.0359931019065109;1;0;0;0
110;3;50;58.3066145768117;2;0;0;0
110;6;50;54.478881453055;2;0;0;0
110;7;50;55.0745007581016;2;0;0;0
110;8;50;55.7280119687186;2;0;0;0
110;9;50;54.2925351355693;2;0;0;0
110;13;50;0;1;0;0;0
110;13;50;74.1491024205654;2;0;0;0
110;18;50;97.4206057117732;2;0;0;0
110;21;50;118.045358141727;2;0;0;0
110;23;50;106.664173953584;2;0;0;0
110;26;50;144.070531288596;2;0;0;0
110;27;50;139.73606641684;2;0;0;0
110;28;50;158.953538751919;2;0;0;0
110;29;50;147.919263050504;2;0;0;0
110;31;50;170.052703335784;2;0;0;0
110;32;50;176.674743787513;2;0;0;0
110;35;50;197.405188568452;2;0;0;0
110;38;50;210.13079422939;2;0;0;0
110;40;50;221.350001122129;2;0;0;0
110;42;50;223.953839262994;2;0;0;0
110;43;50;245.851838042433;2;0;0;0
110;44;50;249.093084731878;2;0;0;0
110;46;50;249.056304631939;2;0;0;0
110;48;50;262.45873009477;2;0;0;0
110;49;50;243.121721047574;2;0;0;0
111;0;50;0;.;1;1;50
111;0;50;48.0930588442947;2;0;0;0
111;1;50;0.334092179285303;1;0;0;0
111;1;50;52.1741036917978;2;0;0;0
111;2;50;0.190698223877878;1;0;0;0
111;8;50;35.0115664448581;2;0;0;0
111;9;50;31.2727439138251;2;0;0;0
111;10;50;25.5746816736576;2;0;0;0
111;12;50;21.3417189466322;2;0;0;0
111;13;50;0.000669137699501069;1;0;0;0
111;13;50;19.9179396912908;2;0;0;0
111;17;50;15.6438700941895;2;0;0;0
111;19;50;12.3606533274937;2;0;0;0
111;20;50;14.9651013168024;2;0;0;0
111;24;50;17.1605559034144;2;0;0;0
111;26;50;17.9901717260744;2;0;0;0
111;29;50;20.824899678564;2;0;0;0
111;30;50;24.1842605790412;2;0;0;0
111;31;50;24.4611357944155;2;0;0;0
111;32;50;24.1251024479906;2;0;0;0
111;33;50;25.1699384546144;2;0;0;0
111;35;50;29.0462198783145;2;0;0;0
111;37;50;32.9310790088346;2;0;0;0
111;40;50;39.3027692259571;2;0;0;0
111;41;50;39.2871543988727;2;0;0;0
111;44;50;47.6624561865914;2;0;0;0
111;45;50;50.3496954311809;2;0;0;0
111;46;50;52.1803599532948;2;0;0;0
111;47;50;56.4375564663644;2;0;0;0
112;0;50;0;.;1;1;50
112;2;50;0.235838897394869;1;0;0;0
112;2;50;55.4316028439905;2;0;0;0
112;3;50;49.641858163289;2;0;0;0
112;4;50;44.4506806393912;2;0;0;0
112;6;50;44.9230636534657;2;0;0;0
112;7;50;36.6408905427389;2;0;0;0
112;8;50;40.6288808271009;2;0;0;0
112;10;50;0.00128552728128002;1;0;0;0
112;11;50;38.0939824559401;2;0;0;0
112;13;50;37.563571861627;2;0;0;0
112;14;50;8.83413120716607e-05;1;0;0;0
112;16;50;49.5266952637802;2;0;0;0
112;18;50;60.806481042117;2;0;0;0
112;20;50;64.4060549360843;2;0;0;0
112;25;50;81.7418625448754;2;0;0;0
112;26;50;87.6482337022162;2;0;0;0
112;27;50;86.0502152748368;2;0;0;0
112;31;50;108.385664617698;2;0;0;0
112;32;50;119.937919922894;2;0;0;0
112;36;50;119.019627291047;2;0;0;0
112;40;50;133.212895440307;2;0;0;0
112;42;50;146.913856594023;2;0;0;0
112;44;50;159.594538189191;2;0;0;0
112;45;50;169.066772426265;2;0;0;0
112;46;50;181.786260729529;2;0;0;0
112;47;50;182.768812868616;2;0;0;0
112;49;50;191.569429269585;2;0;0;0
112;50;50;182.967310981084;2;0;0;0
113;0;50;0;.;1;1;50
113;0;50;52.6629162586201;2;0;0;0
113;2;50;53.7003150888001;2;0;0;0
113;4;50;0.00323303559976582;1;0;0;0
113;8;50;38.80103338308;2;0;0;0
113;9;50;0;1;0;0;0
113;9;50;39.3686864457083;2;0;0;0
113;10;50;39.8847031269315;2;0;0;0
113;11;50;0;1;0;0;0
113;15;50;59.6570992258027;2;0;0;0
113;16;50;66.2960095129855;2;0;0;0
113;17;50;71.1163128778833;2;0;0;0
113;19;50;88.8659434294488;2;0;0;0
113;20;50;87.9684776546549;2;0;0;0
113;22;50;97.2879419900743;2;0;0;0
113;23;50;106.784496758369;2;0;0;0
113;26;50;136.257494334568;2;0;0;0
113;31;50;155.10680454288;2;0;0;0
113;33;50;165.491007715719;2;0;0;0
113;35;50;176.840463005;2;0;0;0
113;38;50;197.224191618951;2;0;0;0
113;39;50;211.739600639597;2;0;0;0
113;42;50;224.60950514969;2;0;0;0
113;43;50;217.966047856902;2;0;0;0
113;45;50;215.371793688938;2;0;0;0
113;46;50;262.570968310056;2;0;0;0
113;47;50;240.353487802565;2;0;0;0
113;48;50;245.814675268185;2;0;0;0
113;50;50;274.741453207849;2;0;0;0
114;0;50;0;.;1;1;50
114;1;50;51.1596044755071;2;0;0;0
114;2;50;52.5775053009532;2;0;0;0
114;3;50;0.0552155331990183;1;0;0;0
114;4;50;0.0225693846821487;1;0;0;0
114;6;50;0.00289518003454313;1;0;0;0
114;6;50;40.9722839606724;2;0;0;0
114;9;50;34.6309390062404;2;0;0;0
114;10;50;39.9779184324847;2;0;0;0
114;12;50;37.4939531827509;2;0;0;0
114;13;50;38.7113314816646;2;0;0;0
114;14;50;41.7959260055623;2;0;0;0
114;15;50;43.5542256227217;2;0;0;0
114;16;50;45.1513517142708;2;0;0;0
114;18;50;45.9947217416784;2;0;0;0
114;19;50;54.6111883518398;2;0;0;0
114;20;50;58.7004280347135;2;0;0;0
114;23;50;68.991299387872;2;0;0;0
114;25;50;78.2877393985207;2;0;0;0
114;26;50;76.2468520139443;2;0;0;0
114;30;50;112.842004405512;2;0;0;0
114;32;50;126.676151071367;2;0;0;0
114;36;50;150.194724575331;2;0;0;0
114;39;50;171.174941496364;2;0;0;0
114;41;50;181.833793462827;2;0;0;0
114;45;50;193.496197924056;2;0;0;0
114;47;50;242.291071567989;2;0;0;0
114;48;50;231.72153981978;2;0;0;0
114;50;50;249.530836982019;2;0;0;0
115;0;50;0;.;1;1;50
115;1;50;52.102750678939;2;0;0;0
115;2;50;0.105196090398038;1;0;0;0
115;4;50;0.0121267304341554;1;0;0;0
115;4;50;56.4835746652737;2;0;0;0
115;6;50;60.1271508384722;2;0;0;0
115;11;50;75.8957981646252;2;0;0;0
115;12;50;0;1;0;0;0
115;12;50;75.9583616888503;2;0;0;0
115;13;50;75.4261361224682;2;0;0;0
115;16;50;87.9359689745214;2;0;0;0
115;18;50;95.3642316221588;2;0;0;0
115;20;50;122.362310861598;2;0;0;0
115;21;50;120.577297108167;2;0;0;0
115;22;50;127.704770618712;2;0;0;0
115;24;50;127.722830833776;2;0;0;0
115;26;50;131.614852451947;2;0;0;0
115;27;50;143.162398150802;2;0;0;0
115;28;50;163.798621393511;2;0;0;0
115;29;50;154.629545677514;2;0;0;0
115;32;50;185.122597113981;2;0;0;0
115;33;50;184.121158721903;2;0;0;0
115;37;50;204.284781681495;2;0;0;0
115;38;50;225.367679365733;2;0;0;0
115;42;50;222.687841965446;2;0;0;0
115;43;50;264.811854618884;2;0;0;0
115;44;50;239.40494187119;2;0;0;0
115;48;50;264.228785395027;2;0;0;0
115;50;50;277.847562946844;2;0;0;0
116;0;50;0;.;1;1;50
116;2;50;0.162107619922366;1;0;0;0
116;3;50;0.0538713888278955;1;0;0;0
116;6;50;47.2016726667646;2;0;0;0
116;7;50;44.5310586405697;2;0;0;0
116;8;50;47.191319929062;2;0;0;0
116;9;50;45.710119019707;2;0;0;0
116;10;50;52.9074896680493;2;0;0;0
116;11;50;53.4316982547514;2;0;0;0
116;12;50;61.3208386946488;2;0;0;0
116;13;50;0;1;0;0;0
116;13;50;67.1917437221774;2;0;0;0
116;16;50;80.3139023741462;2;0;0;0
116;18;50;82.6869750723793;2;0;0;0
116;19;50;102.296249806616;2;0;0;0
116;21;50;116.026102957488;2;0;0;0
116;22;50;122.798552774928;2;0;0;0
116;24;50;140.079019310803;2;0;0;0
116;26;50;155.823401615827;2;0;0;0
116;28;50;162.011635640725;2;0;0;0
116;32;50;225.668526522432;2;0;0;0
116;33;50;222.374241214838;2;0;0;0
116;38;50;264.455588332035;2;0;0;0
116;40;50;296.08238605694;2;0;0;0
116;42;50;313.645967620299;2;0;0;0
116;43;50;314.727266173397;2;0;0;0
116;45;50;345.718624544077;2;0;0;0
116;49;50;383.306633115776;2;0;0;0
116;50;50;415.724630491352;2;0;0;0
117;0;50;0;.;1;1;50
117;2;50;61.9465965863943;2;0;0;0
117;3;50;55.7717713207246;2;0;0;0
117;6;50;65.9498298155275;2;0;0;0
117;7;50;68.906906981196;2;0;0;0
117;8;50;5.98698103011703e-05;1;0;0;0
117;8;50;71.3773333557562;2;0;0;0
117;10;50;77.7270486381897;2;0;0;0
117;11;50;86.1373852853032;2;0;0;0
117;12;50;0;1;0;0;0
117;12;50;92.9885545368132;2;0;0;0
117;13;50;99.1003190972901;2;0;0;0
117;14;50;0;1;0;0;0
117;14;50;116.712811789756;2;0;0;0
117;18;50;154.540744642662;2;0;0;0
117;20;50;177.056036959398;2;0;0;0
117;25;50;216.343463100296;2;0;0;0
117;27;50;239.099927816515;2;0;0;0
117;28;50;268.88983194818;2;0;0;0
117;29;50;275.116441403473;2;0;0;0
117;32;50;265.385917350655;2;0;0;0
117;33;50;310.560230454375;2;0;0;0
117;35;50;324.286108928447;2;0;0;0
117;39;50;377.557947775121;2;0;0;0
117;40;50;353.140674111772;2;0;0;0
117;41;50;348.247874627102;2;0;0;0
117;42;50;395.994921083888;2;0;0;0
117;44;50;410.153604097351;2;0;0;0
117;46;50;454.142706408012;2;0;0;0
118;0;50;0;.;1;1;50
118;4;50;0.103730282357688;1;0;0;0
118;4;50;49.8456247955321;2;0;0;0
118;5;50;45.7140122697983;2;0;0;0
118;7;50;42.6109677413318;2;0;0;0
118;10;50;0.00552887768825735;1;0;0;0
118;10;50;26.7085715810224;2;0;0;0
118;11;50;0.0031765679786538;1;0;0;0
118;14;50;20.9623424840852;2;0;0;0
118;17;50;17.3737753116695;2;0;0;0
118;18;50;17.930825496473;2;0;0;0
118;19;50;18.2856259695186;2;0;0;0
118;21;50;18.9305324203541;2;0;0;0
118;23;50;19.5628815780602;2;0;0;0
118;24;50;21.4552216835018;2;0;0;0
118;25;50;22.6027431422444;2;0;0;0
118;28;50;25.2441582738636;2;0;0;0
118;29;50;23.0211148277202;2;0;0;0
118;30;50;27.6994873930303;2;0;0;0
118;31;50;29.350834838727;2;0;0;0
118;32;50;30.4710502907738;2;0;0;0
118;33;50;32.8068470632773;2;0;0;0
118;34;50;37.0429753727949;2;0;0;0
118;39;50;45.7938402818217;2;0;0;0
118;42;50;58.3889071247401;2;0;0;0
118;46;50;69.4193290274309;2;0;0;0
118;47;50;69.2616416318898;2;0;0;0
118;49;50;78.9421266016745;2;0;0;0
118;50;50;85.553173828751;2;0;0;0
119;0;50;0;.;1;1;50
119;0;50;51.0702420356902;2;0;0;0
119;1;50;55.2117090196583;2;0;0;0
119;3;50;0.0087750185333697;1;0;0;0
119;3;50;55.8999434180727;2;0;0;0
119;6;50;6.07414757648567e-05;1;0;0;0
119;6;50;68.9736074632538;2;0;0;0
119;8;50;71.22575586267;2;0;0;0
119;9;50;77.3809290961764;2;0;0;0
119;10;50;76.2509440387977;2;0;0;0
119;12;50;72.6039332295449;2;0;0;0
119;14;50;0;1;0;0;0
119;15;50;96.3828789524391;2;0;0;0
119;16;50;100.491991966343;2;0;0;0
119;18;50;108.039222031052;2;0;0;0
119;19;50;109.957311503513;2;0;0;0
119;20;50;110.519190171219;2;0;0;0
119;22;50;125.402291363094;2;0;0;0
119;23;50;127.763019325415;2;0;0;0
119;26;50;138.754124507268;2;0;0;0
119;30;50;177.153059223865;2;0;0;0
119;31;50;165.914399662599;2;0;0;0
119;33;50;178.961392851027;2;0;0;0
119;38;50;204.465127268816;2;0;0;0
119;39;50;228.407530595494;2;0;0;0
119;45;50;275.87753948898;2;0;0;0
119;46;50;250.524420071847;2;0;0;0
119;48;50;255.982402690275;2;0;0;0
119;49;50;282.632402646874;2;0;0;0
120;0;50;0;.;1;1;50
120;1;50;49.3013897790992;2;0;0;0
120;2;50;0.225777450478338;1;0;0;0
120;2;50;54.5173417471002;2;0;0;0
120;3;50;51.0963383790381;2;0;0;0
120;5;50;0.0482050995419009;1;0;0;0
120;6;50;0.0273621438098662;1;0;0;0
120;6;50;43.4934313139947;2;0;0;0
120;7;50;41.6981027735886;2;0;0;0
120;8;50;45.1603185979307;2;0;0;0
120;11;50;31.4729308842531;2;0;0;0
120;13;50;31.1741502753608;2;0;0;0
120;16;50;34.2051711964062;2;0;0;0
120;17;50;32.7489193120932;2;0;0;0
120;21;50;41.0958838483909;2;0;0;0
120;22;50;39.8439368130877;2;0;0;0
120;23;50;41.2237590143843;2;0;0;0
120;24;50;43.4524207769238;2;0;0;0
120;28;50;58.7953217409159;2;0;0;0
120;29;50;56.223325260506;2;0;0;0
120;32;50;68.3379143689138;2;0;0;0
120;34;50;75.3977526895182;2;0;0;0
120;36;50;91.7967573647349;2;0;0;0
120;37;50;89.0196493537568;2;0;0;0
120;41;50;125.39548123924;2;0;0;0
120;42;50;132.670371628423;2;0;0;0
120;46;50;142.600298669966;2;0;0;0
120;47;50;158.664063820297;2;0;0;0
120;49;50;155.08036303423;2;0;0;0
201;0;100;0;.;1;1;100
201;0;100;53.0963919586076;2;0;0;0
201;1;100;58.079085044223;2;0;0;0
201;2;100;55.8445214791914;2;0;0;0
201;3;100;50.6275338484001;2;0;0;0
201;5;100;49.7444444115717;2;0;0;0
201;6;100;41.4743000582231;2;0;0;0
201;7;100;0.00670175337713717;1;0;0;0
201;7;100;42.7661012252903;2;0;0;0
201;9;100;0.00149061972761286;1;0;0;0
201;10;100;28.40506364687;2;0;0;0
201;11;100;0.000327646763798502;1;0;0;0
201;11;100;30.5836881308001;2;0;0;0
201;12;100;26.7211395361214;2;0;0;0
201;13;100;24.5760465814727;2;0;0;0
201;14;100;21.3412693442015;2;0;0;0
201;21;100;29.3405745250783;2;0;0;0
201;25;100;35.5777453499577;2;0;0;0
201;30;100;48.3255046445765;2;0;0;0
201;34;100;55.8668539431822;2;0;0;0
201;39;100;70.2603346140337;2;0;0;0
201;40;100;79.2978925511116;2;0;0;0
201;42;100;97.1223998875768;2;0;0;0
201;43;100;92.3800633976118;2;0;0;0
201;46;100;111.870799197954;2;0;0;0
201;47;100;119.603546658512;2;0;0;0
201;48;100;117.432417482075;2;0;0;0
201;49;100;136.337618606121;2;0;0;0
201;50;100;139.475133668511;2;0;0;0
202;0;100;0;.;1;1;100
202;0;100;55.6751166177593;2;0;0;0
202;1;100;0.678665163049046;1;0;0;0
202;1;100;50.7098906676813;2;0;0;0
202;3;100;0.118107509672745;1;0;0;0
202;3;100;51.2143488028714;2;0;0;0
202;4;100;45.009427381775;2;0;0;0
202;5;100;0.0199912016413053;1;0;0;0
202;6;100;37.0978016479577;2;0;0;0
202;9;100;28.1635823123797;2;0;0;0
202;11;100;24.7548308229886;2;0;0;0
202;13;100;28.2207612287723;2;0;0;0
202;14;100;27.4187916726662;2;0;0;0
202;17;100;32.5847075325811;2;0;0;0
202;18;100;38.4525993921403;2;0;0;0
202;23;100;56.0220369161794;2;0;0;0
202;24;100;59.9585172689608;2;0;0;0
202;26;100;73.7396340531552;2;0;0;0
202;27;100;77.4374468157463;2;0;0;0
202;30;100;89.1318561226609;2;0;0;0
202;33;100;98.8967886799111;2;0;0;0
202;37;100;127.601041826659;2;0;0;0
202;39;100;142.092264887381;2;0;0;0
202;40;100;134.512344844298;2;0;0;0
202;41;100;147.534919345412;2;0;0;0
202;44;100;167.476300439945;2;0;0;0
202;47;100;183.960986818958;2;0;0;0
202;49;100;189.945415764392;2;0;0;0
202;50;100;169.979512079192;2;0;0;0
203;0;100;0;.;1;1;100
203;3;100;0.270645630680399;1;0;0;0
203;4;100;41.2768884977284;2;0;0;0
203;6;100;31.1116924168002;2;0;0;0
203;7;100;0.0194220787171264;1;0;0;0
203;7;100;25.5040009913515;2;0;0;0
203;8;100;19.4837281170893;2;0;0;0
203;9;100;16.7750654753074;2;0;0;0
203;13;100;0.000308857241329057;1;0;0;0
203;13;100;9.54301850273845;2;0;0;0
203;16;100;7.16823515042379;2;0;0;0
203;17;100;7.19213310519985;2;0;0;0
203;23;100;8.74428939652752;2;0;0;0
203;25;100;8.84565345051661;2;0;0;0
203;26;100;10.3470147582486;2;0;0;0
203;27;100;10.1941067112206;2;0;0;0
203;30;100;11.6395802967058;2;0;0;0
203;33;100;12.1851766153337;2;0;0;0
203;34;100;13.439328884335;2;0;0;0
203;36;100;14.9503895981727;2;0;0;0
203;37;100;14.4924404025723;2;0;0;0
203;39;100;15.6755197658414;2;0;0;0
203;40;100;16.9927656171714;2;0;0;0
203;44;100;21.065785104095;2;0;0;0
203;45;100;21.2083788566191;2;0;0;0
203;46;100;21.3736083603781;2;0;0;0
203;48;100;23.6212908301514;2;0;0;0
203;49;100;27.3574064726073;2;0;0;0
203;50;100;28.2699658563441;2;0;0;0
204;0;100;0;.;1;1;100
204;1;100;0.734793348554209;1;0;0;0
204;1;100;51.1881375610071;2;0;0;0
204;4;100;24.0953848223535;2;0;0;0
204;5;100;0.0111682302503875;1;0;0;0
204;5;100;19.5269602891151;2;0;0;0
204;8;100;11.0790244610545;2;0;0;0
204;10;100;7.40374611881551e-05;1;0;0;0
204;12;100;12.0632546276439;2;0;0;0
204;13;100;11.4848099328743;2;0;0;0
204;14;100;11.5974341764663;2;0;0;0
204;15;100;14.7344561351528;2;0;0;0
204;16;100;13.4551711412058;2;0;0;0
204;19;100;14.9967267134999;2;0;0;0
204;20;100;16.0985224453939;2;0;0;0
204;21;100;16.9465441791441;2;0;0;0
204;22;100;17.4614068099211;2;0;0;0
204;24;100;17.6937822439795;2;0;0;0
204;26;100;20.2475897133205;2;0;0;0
204;29;100;24.0872841389689;2;0;0;0
204;30;100;25.3080081981358;2;0;0;0
204;31;100;26.4714016188873;2;0;0;0
204;33;100;30.3552679585814;2;0;0;0
204;36;100;32.8463215804199;2;0;0;0
204;40;100;38.611245846418;2;0;0;0
204;41;100;42.9554028808314;2;0;0;0
204;45;100;48.1664435393717;2;0;0;0
204;48;100;56.5881664263303;2;0;0;0
204;50;100;58.3161035589775;2;0;0;0
205;0;100;0;.;1;1;100
205;2;100;0.3066604656742;1;0;0;0
205;3;100;47.9798205406996;2;0;0;0
205;4;100;43.2567528497464;2;0;0;0
205;8;100;0.00281518503602628;1;0;0;0
205;10;100;21.3556327206913;2;0;0;0
205;12;100;0.000133834935454365;1;0;0;0
205;16;100;15.274278296299;2;0;0;0
205;17;100;15.8444227162573;2;0;0;0
205;18;100;15.5893345852719;2;0;0;0
205;19;100;17.2224622187668;2;0;0;0
205;24;100;22.11063569663;2;0;0;0
205;25;100;23.2338630797123;2;0;0;0
205;26;100;22.8671072755988;2;0;0;0
205;27;100;25.0212855676867;2;0;0;0
205;28;100;26.5791925098595;2;0;0;0
205;29;100;27.5877009682184;2;0;0;0
205;30;100;29.1288793145692;2;0;0;0
205;31;100;28.9259802598483;2;0;0;0
205;32;100;33.2673597152499;2;0;0;0
205;34;100;34.6119996516725;2;0;0;0
205;36;100;35.0092685012228;2;0;0;0
205;38;100;43.4377302579499;2;0;0;0
205;43;100;50.5804897271268;2;0;0;0
205;44;100;51.4500797962663;2;0;0;0
205;47;100;64.1155382651085;2;0;0;0
205;48;100;68.3546309366343;2;0;0;0
205;49;100;76.6544941768509;2;0;0;0
205;50;100;70.7589937940929;2;0;0;0
206;0;100;0;.;1;1;100
206;3;100;47.5128912812362;2;0;0;0
206;4;100;0.093015826183806;1;0;0;0
206;5;100;36.3213902070195;2;0;0;0
206;6;100;25.568520183505;2;0;0;0
206;7;100;24.6298048685294;2;0;0;0
206;8;100;0.00643747324133375;1;0;0;0
206;8;100;18.6410240807431;2;0;0;0
206;11;100;13.3731342025842;2;0;0;0
206;12;100;12.3749766106516;2;0;0;0
206;13;100;0.000230101486983634;1;0;0;0
206;17;100;13.332615330429;2;0;0;0
206;18;100;13.415129601505;2;0;0;0
206;19;100;12.8026687608878;2;0;0;0
206;21;100;15.1072580969879;2;0;0;0
206;23;100;15.7790590047331;2;0;0;0
206;24;100;16.65116333513;2;0;0;0
206;28;100;20.3682050003278;2;0;0;0
206;30;100;21.084665227395;2;0;0;0
206;31;100;20.4373622112485;2;0;0;0
206;33;100;24.4531545124506;2;0;0;0
206;34;100;24.6117340028579;2;0;0;0
206;36;100;27.2859128856692;2;0;0;0
206;38;100;29.7952352354713;2;0;0;0
206;40;100;31.1349784385182;2;0;0;0
206;44;100;37.7496378777299;2;0;0;0
206;45;100;40.1856959373887;2;0;0;0
206;49;100;49.7217786537808;2;0;0;0
206;50;100;49.2408399467818;2;0;0;0
207;0;100;0;.;1;1;100
207;0;100;49.173563697649;2;0;0;0
207;3;100;42.196787258721;2;0;0;0
207;5;100;0.0116218429743399;1;0;0;0
207;8;100;16.6836752621214;2;0;0;0
207;11;100;11.7328966719651;2;0;0;0
207;12;100;11.1618609595575;2;0;0;0
207;13;100;0;1;0;0;0
207;14;100;0;1;0;0;0
207;16;100;12.5528862807733;2;0;0;0
207;19;100;15.2329355528846;2;0;0;0
207;20;100;13.6755567584262;2;0;0;0
207;22;100;17.0432068641879;2;0;0;0
207;23;100;17.8262926264843;2;0;0;0
207;25;100;18.3862094592608;2;0;0;0
207;26;100;20.1895703520866;2;0;0;0
207;30;100;28.2642743979054;2;0;0;0
207;31;100;27.3296052341804;2;0;0;0
207;33;100;32.9667536893371;2;0;0;0
207;35;100;36.503652562536;2;0;0;0
207;36;100;37.5834526363123;2;0;0;0
207;37;100;41.0389404265514;2;0;0;0
207;40;100;47.0022485957195;2;0;0;0
207;41;100;49.5212090214382;2;0;0;0
207;43;100;59.3900358968342;2;0;0;0
207;44;100;63.7203854008782;2;0;0;0
207;47;100;80.4160156177729;2;0;0;0
207;49;100;91.4279114130314;2;0;0;0
207;50;100;91.9894261415802;2;0;0;0
208;0;100;0;.;1;1;100
208;1;100;0.851808004567926;1;0;0;0
208;1;100;47.0908556512691;2;0;0;0
208;2;100;50.6159217175567;2;0;0;0
208;4;100;42.9768241206087;2;0;0;0
208;7;100;24.501803845464;2;0;0;0
208;8;100;22.3773824397348;2;0;0;0
208;10;100;0.00216528960979955;1;0;0;0
208;12;100;0.000623337306995009;1;0;0;0
208;16;100;18.3494381099864;2;0;0;0
208;17;100;18.2769239188175;2;0;0;0
208;18;100;19.9941124737597;2;0;0;0
208;19;100;25.179513625007;2;0;0;0
208;20;100;20.8670214417611;2;0;0;0
208;22;100;27.3321963353638;2;0;0;0
208;24;100;29.8434129550455;2;0;0;0
208;27;100;33.8170128677757;2;0;0;0
208;28;100;39.9825310310796;2;0;0;0
208;30;100;44.1125304397613;2;0;0;0
208;31;100;46.1001116959256;2;0;0;0
208;35;100;55.5923655055243;2;0;0;0
208;37;100;66.9252457088322;2;0;0;0
208;39;100;75.5117318157645;2;0;0;0
208;40;100;84.7352327886591;2;0;0;0
208;44;100;104.819741994224;2;0;0;0
208;45;100;115.703042546587;2;0;0;0
208;46;100;121.351767378596;2;0;0;0
208;48;100;140.12553537611;2;0;0;0
208;49;100;121.840598432924;2;0;0;0
209;0;100;0;.;1;1;100
209;1;100;49.7259501225093;2;0;0;0
209;2;100;0.0830214158265497;1;0;0;0
209;3;100;29.2477154703323;2;0;0;0
209;6;100;15.1233292816723;2;0;0;0
209;7;100;1.19279664747647e-05;1;0;0;0
209;8;100;16.7034561221356;2;0;0;0
209;9;100;16.6466344644686;2;0;0;0
209;10;100;15.0832581753662;2;0;0;0
209;11;100;0;1;0;0;0
209;11;100;19.375802108045;2;0;0;0
209;13;100;21.1625837249936;2;0;0;0
209;14;100;21.1729250296808;2;0;0;0
209;20;100;37.3855690642007;2;0;0;0
209;22;100;40.404207242438;2;0;0;0
209;23;100;44.2111239652985;2;0;0;0
209;24;100;44.241932341655;2;0;0;0
209;28;100;57.0472296451493;2;0;0;0
209;31;100;66.9773449163884;2;0;0;0
209;33;100;84.3481577058209;2;0;0;0
209;34;100;87.3275367261968;2;0;0;0
209;35;100;102.614193573056;2;0;0;0
209;36;100;97.0480210451795;2;0;0;0
209;38;100;95.6562580625305;2;0;0;0
209;43;100;131.722893571816;2;0;0;0
209;44;100;141.68605819843;2;0;0;0
209;47;100;137.00231308258;2;0;0;0
209;48;100;148.349745618303;2;0;0;0
209;50;100;155.465907324736;2;0;0;0
210;0;100;0;.;1;1;100
210;1;100;51.0857673696339;2;0;0;0
210;2;100;0.078493289863182;1;0;0;0
210;2;100;50.0690458401693;2;0;0;0
210;3;100;47.3734992537249;2;0;0;0
210;7;100;0;1;0;0;0
210;7;100;35.3645628879723;2;0;0;0
210;8;100;0;1;0;0;0
210;9;100;35.6254795546201;2;0;0;0
210;14;100;35.0990718361665;2;0;0;0
210;17;100;49.5761841699676;2;0;0;0
210;18;100;56.8026121797658;2;0;0;0
210;19;100;56.1136971099603;2;0;0;0
210;20;100;62.9231638629898;2;0;0;0
210;21;100;57.7353211079437;2;0;0;0
210;25;100;89.4122982538794;2;0;0;0
210;26;100;93.06857478995;2;0;0;0
210;29;100;113.325240863252;2;0;0;0
210;30;100;111.149044523172;2;0;0;0
210;31;100;109.097719694395;2;0;0;0
210;36;100;134.443379815593;2;0;0;0
210;39;100;146.660269123369;2;0;0;0
210;41;100;172.890218379829;2;0;0;0
210;43;100;170.965123211876;2;0;0;0
210;44;100;200.795252332424;2;0;0;0
210;45;100;170.164776711606;2;0;0;0
210;46;100;193.427866511724;2;0;0;0
210;47;100;199.221660093825;2;0;0;0
210;48;100;207.144593510122;2;0;0;0
211;0;100;0;.;1;1;100
211;0;100;51.3953105272771;2;0;0;0
211;2;100;51.5131782009602;2;0;0;0
211;3;100;45.1839540738038;2;0;0;0
211;4;100;43.3315352134763;2;0;0;0
211;6;100;0.0507633469918881;1;0;0;0
211;9;100;24.1251237034828;2;0;0;0
211;10;100;0.00602553178092312;1;0;0;0
211;11;100;0.00341000248629205;1;0;0;0
211;12;100;12.2917914545327;2;0;0;0
211;14;100;8.3109932607057;2;0;0;0
211;18;100;4.2542192100206;2;0;0;0
211;19;100;3.1934695646193;2;0;0;0
211;20;100;2.73346311994411;2;0;0;0
211;23;100;2.38741621558621;2;0;0;0
211;26;100;1.76086701890304;2;0;0;0
211;29;100;1.91520340469269;2;0;0;0
211;31;100;1.97602010656929;2;0;0;0
211;33;100;2.31151374073077;2;0;0;0
211;34;100;2.37119174808471;2;0;0;0
211;36;100;2.42807996732204;2;0;0;0
211;37;100;2.6707731115144;2;0;0;0
211;39;100;3.28364296823863;2;0;0;0
211;41;100;3.08542610499576;2;0;0;0
211;42;100;3.62610618235352;2;0;0;0
211;43;100;3.42466040761041;2;0;0;0
211;45;100;4.38072219403815;2;0;0;0
211;48;100;4.30794911257596;2;0;0;0
211;49;100;5.21214395783689;2;0;0;0
212;0;100;0;.;1;1;100
212;0;100;47.1785649214695;2;0;0;0
212;1;100;51.7351499348426;2;0;0;0
212;4;100;40.766475912272;2;0;0;0
212;5;100;0.066278447736586;1;0;0;0
212;5;100;34.8446090772015;2;0;0;0
212;6;100;0.0382448699115163;1;0;0;0
212;7;100;24.4449183823004;2;0;0;0
212;8;100;0.0095978496662872;1;0;0;0
212;8;100;19.2834910653937;2;0;0;0
212;9;100;19.6333069562985;2;0;0;0
212;13;100;13.8527246700018;2;0;0;0
212;14;100;15.9604120980754;2;0;0;0
212;15;100;13.923850587332;2;0;0;0
212;24;100;23.9073262709478;2;0;0;0
212;26;100;29.9902571269208;2;0;0;0
212;28;100;37.4066612239767;2;0;0;0
212;29;100;38.0415009453987;2;0;0;0
212;32;100;41.6368895155058;2;0;0;0
212;33;100;48.6878290394326;2;0;0;0
212;34;100;53.863406839609;2;0;0;0
212;35;100;58.1099249193797;2;0;0;0
212;36;100;65.8346030575254;2;0;0;0
212;38;100;70.6945941790652;2;0;0;0
212;40;100;83.2293097573596;2;0;0;0
212;42;100;80.6344538039945;2;0;0;0
212;43;100;88.1766740446485;2;0;0;0
212;45;100;99.1928617449156;2;0;0;0
212;50;100;118.458087305643;2;0;0;0
213;0;100;0;.;1;1;100
213;2;100;0.121210541084968;1;0;0;0
213;5;100;31.6673148399081;2;0;0;0
213;6;100;26.5198966792427;2;0;0;0
213;12;100;16.351757799809;2;0;0;0
213;13;100;0;1;0;0;0
213;13;100;15.7922302701517;2;0;0;0
213;14;100;0;1;0;0;0
213;14;100;15.5933317140019;2;0;0;0
213;15;100;19.8244929301475;2;0;0;0
213;19;100;25.9708816943039;2;0;0;0
213;20;100;25.7601036611531;2;0;0;0
213;22;100;36.320597958183;2;0;0;0
213;24;100;40.7015664025038;2;0;0;0
213;26;100;47.790978860304;2;0;0;0
213;28;100;55.2367573032337;2;0;0;0
213;30;100;68.2069138429154;2;0;0;0
213;31;100;76.0312001743606;2;0;0;0
213;32;100;80.1451632557711;2;0;0;0
213;35;100;95.976383521802;2;0;0;0
213;37;100;108.486028206368;2;0;0;0
213;38;100;114.447718342441;2;0;0;0
213;40;100;132.169735456279;2;0;0;0
213;41;100;122.34544248743;2;0;0;0
213;42;100;138.121308564401;2;0;0;0
213;46;100;152.882607696817;2;0;0;0
213;47;100;163.04693807811;2;0;0;0
213;49;100;177.958400765151;2;0;0;0
213;50;100;198.707055964246;2;0;0;0
214;0;100;0;.;1;1;100
214;0;100;47.9785631540542;2;0;0;0
214;1;100;0.794260813846561;1;0;0;0
214;1;100;57.255571408626;2;0;0;0
214;3;100;43.1713120776177;2;0;0;0
214;4;100;0.0425534472621486;1;0;0;0
214;5;100;34.8081076875509;2;0;0;0
214;9;100;19.374676148224;2;0;0;0
214;11;100;5.15528610562049e-05;1;0;0;0
214;11;100;15.7044792561232;2;0;0;0
214;13;100;15.3667733858588;2;0;0;0
214;16;100;16.2565001056408;2;0;0;0
214;17;100;16.6992071700143;2;0;0;0
214;22;100;21.2807627214189;2;0;0;0
214;23;100;22.3873803862364;2;0;0;0
214;25;100;29.1673153178945;2;0;0;0
214;26;100;28.7723563839015;2;0;0;0
214;30;100;39.5745135607028;2;0;0;0
214;31;100;42.2841781924505;2;0;0;0
214;32;100;44.7229012887423;2;0;0;0
214;33;100;48.5780112458343;2;0;0;0
214;35;100;55.9370715979136;2;0;0;0
214;40;100;72.1404740789145;2;0;0;0
214;43;100;80.4472627867188;2;0;0;0
214;44;100;81.1613966783582;2;0;0;0
214;45;100;93.1653695480657;2;0;0;0
214;47;100;108.004221890938;2;0;0;0
214;48;100;117.562157507036;2;0;0;0
214;49;100;130.150837803769;2;0;0;0
215;0;100;0;.;1;1;100
215;1;100;53.6570463010614;2;0;0;0
215;2;100;0.208727212739292;1;0;0;0
215;4;100;54.2414556553611;2;0;0;0
215;5;100;0.00817001124810119;1;0;0;0
215;7;100;51.7626412991691;2;0;0;0
215;8;100;51.0058886168556;2;0;0;0
215;9;100;9.30706421786156e-05;1;0;0;0
215;9;100;52.8839931449096;2;0;0;0
215;11;100;47.5963148809965;2;0;0;0
215;12;100;49.6235429340598;2;0;0;0
215;15;100;54.9690699175141;2;0;0;0
215;19;100;66.7754919883419;2;0;0;0
215;21;100;77.0598415287461;2;0;0;0
215;22;100;83.350259615142;2;0;0;0
215;26;100;107.581446357186;2;0;0;0
215;27;100;109.241329799341;2;0;0;0
215;28;100;117.074841477157;2;0;0;0
215;29;100;113.597943760925;2;0;0;0
215;33;100;143.254352043188;2;0;0;0
215;34;100;144.033269705819;2;0;0;0
215;37;100;176.737792984462;2;0;0;0
215;40;100;193.148198285042;2;0;0;0
215;41;100;184.758965118011;2;0;0;0
215;45;100;209.294097902878;2;0;0;0
215;47;100;247.22020900229;2;0;0;0
215;48;100;249.950245876928;2;0;0;0
215;49;100;220.255707402915;2;0;0;0
215;50;100;226.94276577889;2;0;0;0
216;0;100;0;.;1;1;100
216;0;100;45.7334088376936;2;0;0;0
216;1;100;0.776194140332041;1;0;0;0
216;1;100;50.7063621854219;2;0;0;0
216;3;100;50.8646963547817;2;0;0;0
216;4;100;0.0418583784190043;1;0;0;0
216;5;100;0.0165372562138875;1;0;0;0
216;5;100;38.0335876137077;2;0;0;0
216;6;100;32.3917677205296;2;0;0;0
216;7;100;25.9538320598681;2;0;0;0
216;8;100;25.3890049731289;2;0;0;0
216;11;100;25.3805353456315;2;0;0;0
216;15;100;31.3312110323949;2;0;0;0
216;16;100;31.580776740186;2;0;0;0
216;17;100;39.556902524046;2;0;0;0
216;18;100;36.2851274499089;2;0;0;0
216;19;100;37.6181237653368;2;0;0;0
216;20;100;43.7565220758335;2;0;0;0
216;21;100;51.5736394374256;2;0;0;0
216;24;100;65.2380175016281;2;0;0;0
216;30;100;98.9383792251482;2;0;0;0
216;31;100;110.373135706654;2;0;0;0
216;37;100;164.904954113992;2;0;0;0
216;39;100;185.074013807766;2;0;0;0
216;40;100;209.530332772776;2;0;0;0
216;41;100;218.929254434603;2;0;0;0
216;42;100;213.075415074787;2;0;0;0
216;43;100;219.287986724415;2;0;0;0
216;50;100;291.485614679351;2;0;0;0
217;0;100;0;.;1;1;100
217;0;100;50.5028405805477;2;0;0;0
217;1;100;55.4628720587109;2;0;0;0
217;3;100;54.0982982077251;2;0;0;0
217;5;100;52.2619127136509;2;0;0;0
217;6;100;49.7292900103241;2;0;0;0
217;7;100;46.2795803370299;2;0;0;0
217;9;100;44.7918358379685;2;0;0;0
217;10;100;0;1;0;0;0
217;10;100;47.8704097060504;2;0;0;0
217;11;100;0;1;0;0;0
217;13;100;0;1;0;0;0
217;13;100;53.8709227415965;2;0;0;0
217;17;100;90.3502295225313;2;0;0;0
217;18;100;91.5275557045381;2;0;0;0
217;19;100;94.7457498358548;2;0;0;0
217;21;100;123.101633601351;2;0;0;0
217;23;100;135.427099042953;2;0;0;0
217;25;100;167.620631129792;2;0;0;0
217;27;100;169.595634844781;2;0;0;0
217;29;100;197.241221012606;2;0;0;0
217;31;100;227.56579893842;2;0;0;0
217;34;100;250.623402637645;2;0;0;0
217;36;100;291.563805697294;2;0;0;0
217;43;100;357.258975951905;2;0;0;0
217;44;100;369.278241833192;2;0;0;0
217;46;100;366.705450378444;2;0;0;0
217;47;100;363.831159081817;2;0;0;0
217;49;100;372.243312249982;2;0;0;0
218;0;100;0;.;1;1;100
218;4;100;0.192531700562592;1;0;0;0
218;5;100;40.7859774885103;2;0;0;0
218;6;100;37.1366637238641;2;0;0;0
218;10;100;20.368458601637;2;0;0;0
218;11;100;0.00569795636353596;1;0;0;0
218;11;100;17.4808199903075;2;0;0;0
218;12;100;0.00423770428322434;1;0;0;0
218;13;100;12.1146539652444;2;0;0;0
218;14;100;9.48770372982301;2;0;0;0
218;15;100;8.65260013057814;2;0;0;0
218;16;100;6.92640824678626;2;0;0;0
218;17;100;5.81594267066945;2;0;0;0
218;21;100;3.40526901518956;2;0;0;0
218;24;100;2.98718837774752;2;0;0;0
218;25;100;2.78836736609171;2;0;0;0
218;31;100;3.09578400361511;2;0;0;0
218;33;100;3.41130583440709;2;0;0;0
218;35;100;3.64994675694347;2;0;0;0
218;38;100;5.03558817037629;2;0;0;0
218;39;100;4.76144912201519;2;0;0;0
218;40;100;4.40717202523432;2;0;0;0
218;41;100;5.57135605193263;2;0;0;0
218;42;100;5.46214105951355;2;0;0;0
218;43;100;5.79298808640307;2;0;0;0
218;44;100;5.90197848446795;2;0;0;0
218;45;100;6.68383559018442;2;0;0;0
218;48;100;7.67414153581265;2;0;0;0
218;50;100;8.965492151446;2;0;0;0
219;0;100;0;.;1;1;100
219;3;100;50.6034102247052;2;0;0;0
219;4;100;53.5149202970849;2;0;0;0
219;5;100;0.000721068660071875;1;0;0;0
219;5;100;50.2513837628557;2;0;0;0
219;7;100;51.6169747613273;2;0;0;0
219;8;100;48.0270262893554;2;0;0;0
219;10;100;52.4406486315892;2;0;0;0
219;12;100;58.1968410022983;2;0;0;0
219;13;100;0;1;0;0;0
219;13;100;63.9255851031217;2;0;0;0
219;14;100;0;1;0;0;0
219;15;100;69.8371127882974;2;0;0;0
219;16;100;73.2598094072846;2;0;0;0
219;19;100;87.3386844655405;2;0;0;0
219;21;100;100.432248200588;2;0;0;0
219;22;100;116.47662671071;2;0;0;0
219;23;100;107.953924308839;2;0;0;0
219;24;100;115.655562491121;2;0;0;0
219;26;100;126.513180469826;2;0;0;0
219;27;100;138.919285042949;2;0;0;0
219;28;100;128.981375361465;2;0;0;0
219;32;100;160.054231483554;2;0;0;0
219;38;100;177.48680797557;2;0;0;0
219;40;100;192.002709651154;2;0;0;0
219;41;100;199.194338915197;2;0;0;0
219;44;100;227.312576621001;2;0;0;0
219;47;100;233.630207741548;2;0;0;0
219;50;100;251.27616541572;2;0;0;0
220;0;100;0;.;1;1;100
220;0;100;44.2942958473146;2;0;0;0
220;5;100;42.6659268895031;2;0;0;0
220;7;100;0.0315298642866394;1;0;0;0
220;9;100;0.0106543171323583;1;0;0;0
220;9;100;24.6453293474949;2;0;0;0
220;11;100;0.00363087407300684;1;0;0;0
220;11;100;18.1476701777619;2;0;0;0
220;12;100;15.4963330052042;2;0;0;0
220;13;100;13.624053633618;2;0;0;0
220;14;100;12.1487056059929;2;0;0;0
220;16;100;10.6553970889212;2;0;0;0
220;18;100;9.46857970956345;2;0;0;0
220;19;100;8.71875427927164;2;0;0;0
220;21;100;9.79196961852795;2;0;0;0
220;25;100;10.1295459290313;2;0;0;0
220;27;100;10.5591600994106;2;0;0;0
220;29;100;13.4627199817262;2;0;0;0
220;31;100;14.6198492693662;2;0;0;0
220;33;100;16.8067549320718;2;0;0;0
220;34;100;16.0021252016743;2;0;0;0
220;35;100;18.386381384003;2;0;0;0
220;36;100;18.8847669671245;2;0;0;0
220;38;100;22.0199125131255;2;0;0;0
220;39;100;23.8688703483411;2;0;0;0
220;41;100;25.6293719656697;2;0;0;0
220;43;100;27.7798337667203;2;0;0;0
220;45;100;33.7063278572499;2;0;0;0
220;46;100;36.3500409905886;2;0;0;0
